00000000010000000000001010010011
00001111110000010000001100010111
11111111110000110000001100010011
00000000000100000000111100010011
11111111111100101000001010010011
00000000000000000000001110010011
00000000000000110010111000000011
00000000010000110010111010000011
00000001110011101101011001100011
00000001110100110010000000100011
00000001110000110010001000100011
00000000010000110000001100010011
00000000000100111000001110010011
11111110011100101101001011100011
00001111110000010000001100010111
11111100100000110000001100010011
11111101111000101101100011100011